100 1000
24 97
16 93
55 75
15 39
70 73
47 71
28 58
5 65
29 32
70 82
28 76
40 41
21 37
5 83
11 14
5 92
58 95
40 59
9 90
48 72
50 91
25 34
3 6
39 90
31 86
54 88
10 63
20 95
23 91
22 46
13 65
4 96
43 78
32 87
24 83
47 48
35 83
1 99
9 49
16 97
28 62
47 75
17 71
17 80
40 45
80 90
9 85
58 99
40 63
21 59
27 93
10 22
61 95
10 31
25 38
31 72
25 47
31 90
51 68
23 86
22 32
12 95
74 79
14 37
4 91
51 86
3 37
24 69
32 82
35 78
17 39
24 87
1 85
28 39
35 87
17 48
24 96
65 97
9 53
28 66
29 31
28 75
77 89
21 36
61 72
29 49
40 49
80 85
21 45
42 77
27 88
21 54
61 90
19 93
11 89
33 37
2 31
0 98
12 63
54 78
12 72
4 68
22 27
35 46
24 46
84 97
4 77
35 55
4 86
16 51
14 32
1 62
12 99
43 77
16 60
32 77
66 70
35 82
1 89
5 50
28 61
9 57
50 58
21 22
5 68
21 31
42 63
50 76
58 89
27 83
50 85
31 53
62 68
39 66
10 30
20 71
31 71
23 67
31 80
32 45
12 76
31 89
51 67
23 85
45 91
56 91
1 66
35 68
24 68
16 64
28 29
76 78
9 25
65 87
38 70
47 51
76 96
49 79
38 88
26 95
50 62
50 71
19 74
20 39
61 89
30 83
31 48
39 61
12 44
23 53
75 91
4 49
39 79
12 62
32 40
23 71
13 36
84 87
32 49
53 81
1 43
4 76
32 58
23 89
1 52
64 90
34 77
35 54
35 63
24 63
16 59
37 91
46 69
68 69
28 42
46 78
76 91
15 72
49 74
65 91
68 78
46 96
27 73
0 56
39 47
30 78
23 39
30 87
19 87
8 87
23 48
30 96
83 99
19 96
41 93
13 31
44 98
72 80
43 44
1 38
4 62
84 91
34 72
4 71
1 47
24 40
16 45
22 79
87 96
64 94
16 54
5 26
17 28
57 64
17 37
26 67
49 69
57 82
46 82
15 76
68 91
18 72
6 18
50 52
58 65
30 46
90 97
50 70
11 51
39 42
63 98
11 69
39 51
8 82
19 82
20 47
0 78
11 78
66 85
44 84
1 24
34 58
16 22
53 71
1 42
56 76
45 85
22 83
16 49
5 12
38 46
46 59
37 90
26 53
57 77
15 71
26 71
7 67
38 82
15 80
15 89
27 54
90 92
63 84
7 94
82 97
8 59
11 55
19 68
31 33
60 69
0 64
12 47
1 10
33 79
23 56
44 88
34 53
25 84
4 61
22 60
45 62
1 37
16 35
45 71
53 84
3 65
37 67
22 78
14 83
37 85
38 59
18 53
7 53
36 98
18 62
47 98
8 27
26 75
7 71
19 36
79 87
30 45
42 47
90 96
0 41
18 89
19 54
48 90
82 83
63 88
12 15
41 60
31 37
41 69
60 82
44 65
60 91
44 74
13 16
45 48
52 96
53 61
10 90
44 92
45 57
53 70
37 53
74 93
56 66
2 95
37 62
53 79
45 75
37 71
26 34
22 82
56 84
5 11
15 34
67 81
15 43
46 58
38 45
26 52
78 90
67 90
89 99
78 99
36 93
17 89
0 18
27 44
9 94
90 91
63 83
41 46
30 58
71 96
21 77
40 90
11 54
52 55
21 86
20 32
60 68
12 28
41 64
60 77
52 64
12 37
25 56
52 73
33 69
52 82
33 87
34 52
85 88
64 65
56 61
34 61
2 99
7 25
15 38
70 72
26 47
18 43
59 81
0 4
7 52
18 52
26 65
28 84
17 84
36 97
71 73
19 35
19 44
21 63
30 44
11 40
40 76
0 40
6 83
21 81
41 59
10 53
10 62
41 77
2 58
54 96
22 45
45 47
93 96
37 43
3 41
34 56
66 79
43 86
3 50
51 99
22 63
15 24
86 93
7 38
47 83
59 94
8 21
40 53
9 84
48 66
28 97
29 62
5 95
48 75
21 58
9 93
48 84
21 67
21 76
4 5
6 87
25 37
21 85
73 86
44 50
41 63
33 59
52 72
2 53
2 62
31 98
3 27
74 78
34 51
45 51
74 87
66 83
43 81
85 96
13 77
24 77
32 90
22 58
35 86
24 86
3 63
55 64
32 99
13 95
59 62
36 60
15 37
13 86
47 69
55 91
70 89
8 16
48 52
28 83
59 89
47 96
0 21
5 99
63 68
6 64
21 62
10 34
81 85
54 86
33 63
22 26
44 63
74 89
14 22
51 71
74 82
2 75
85 91
35 72
24 72
3 49
14 49
13 81
7 10
96 97
16 77
7 19
47 55
35 99
59 75
5 67
17 78
6 41
28 78
29 43
28 87
40 52
5 94
40 61
69 97
6 59
21 57
6 68
8 96
33 49
73 85
39 92
31 97
54 99
20 97
66 73
3 35
51 84
24 67
32 89
36 50
7 14
28 46
35 94
36 59
9 42
1 92
17 55
46 91
36 77
9 60
17 73
29 38
80 83
6 45
10 15
27 95
10 24
21 61
30 91
54 58
39 69
81 84
10 42
39 78
73 89
39 96
54 94
31 92
43 66
12 97
1 60
66 77
4 93
32 84
65 81
55 58
17 41
16 85
68 86
1 96
36 63
17 59
28 59
38 91
29 33
6 31
9 64
5 75
58 78
29 42
77 91
21 47
2 15
0 82
42 97
25 26
30 95
62 75
73 75
54 71
20 69
32 43
3 7
51 56
39 91
4 70
20 96
51 74
17 18
56 98
1 73
17 36
65 85
5 43
47 58
9 41
36 58
57 90
9 50
57 99
58 64
38 95
7 89
80 82
69 82
7 98
6 44
80 91
42 74
50 87
27 85
10 14
39 50
61 96
10 23
30 90
20 55
83 93
0 86
31 64
11 95
12 60
13 25
31 73
20 73
12 69
24 34
3 11
84 85
12 78
35 43
13 43
4 74
24 52
53 88
32 65
34 84
64 97
4 92
9 36
28 49
15 79
9 54
50 55
18 84
7 93
69 77
69 86
42 69
50 82
19 76
2 5
91 92
39 54
30 85
42 87
2 14
27 98
19 85
94 97
75 93
31 68
11 99
20 77
43 51
84 89
12 82
45 79
64 92
87 94
45 88
22 86
1 63
65 66
9 13
37 93
49 58
5 33
46 71
17 35
9 31
46 80
65 93
38 76
68 89
6 16
15 83
26 83
90 95
69 72
27 66
61 68
7 97
18 97
20 27
8 62
27 84
11 67
23 32
10 13
0 76
91 96
54 56
4 37
39 67
23 50
41 86
1 22
44 91
12 68
45 65
24 42
35 42
24 51
64 96
53 96
1 58
3 86
9 17
28 30
49 62
68 75
57 84
7 65
26 78
15 78
6 20
26 87
18 83
30 48
19 48
26 96
71 86
19 57
11 53
12 18
63 91
40 98
60 76
20 40
0 71
23 36
52 81
1 8
31 58
4 41
75 83
52 90
12 54
33 86
72 77
45 60
16 24
56 60
16 42
34 78
53 91
45 78
22 85
86 88
46 52
37 83
14 81
56 96
26 55
38 57
49 57
9 21
26 64
49 66
30 34
79 85
0 30
26 91
27 56
11 39
18 87
82 90
30 52
0 48
82 99
30 70
20 35
11 66
20 44
31 44
60 89
44 72
4 36
12 49
52 85
60 98
41 94
53 59
33 90
44 90
25 86
37 51
33 99
34 73
14 67
46 47
67 79
38 43
3 85
78 88
22 98
38 52
15 50
3 94
55 95
14 94
38 61
70 84
8 20
26 68
49 70
7 64
26 77
0 25
90 98
29 79
6 86
4 13
31 39
60 75
4 31
33 67
41 80
75 82
25 63
44 76
10 83
34 50
2 79
53 63
56 59
2 88
37 55
34 68
25 99
32 98
37 64
56 77
15 36
7 32
14 80
26 45
67 83
14 89
38 56
78 92
15 54
7 50
47 95
70 97
0 20
19 33
27 46
0 29
48 78
63 76
30 51
48 87
82 89
63 85
40 92
63 94
6 90
33 53
44 53
12 30
60 79
44 62
33 62
52 75
2 65
33 80
34 45
44 80
14 39
10 87
45 54
14 48
22 61
34 63
74 99
66 95
22 70
13 98
59 65
86 91
55 85
18 45
70 92
59 92
0 15
8 28
28 95
17 95
92 98
71 75
21 56
30 37
0 33
48 82
21 65
21 74
33 39
4 21
41 70
2 51
10 64
22 29
1 6
25 80
14 43
37 45
22 56
74 94
2 87
14 52
22 65
24 93
59 60
7 22
55 71
7 31
18 31
78 82
36 67
36 76
0 1
70 87
7 49
47 85
0 10
9 77
17 90
29 55
28 99
5 97
21 60
63 75
21 78
52 56
33 52
4 16
44 61
10 59
20 91
14 20
10 68
2 55
2 64
25 66
23 96
14 38
66 76
22 51
3 38
2 82
43 83
