20 190
6 18
7 17
4 9
3 13
5 10
8 9
0 5
5 19
8 18
9 17
0 14
11 14
2 11
1 15
13 17
6 11
7 10
18 19
7 19
3 6
12 18
14 15
5 12
8 11
3 15
9 10
0 7
2 4
9 19
0 16
11 16
1 8
1 17
15 16
13 19
6 13
7 12
3 8
3 17
5 14
14 17
9 12
0 9
1 10
1 19
15 18
16 17
7 14
12 13
3 10
5 7
3 19
5 16
4 18
0 2
9 14
14 19
1 3
10 15
1 12
13 14
16 19
7 16
12 15
3 12
5 9
4 11
5 18
9 16
1 5
10 17
1 14
13 16
2 13
7 9
3 5
12 17
3 14
5 11
4 13
8 13
1 7
2 6
10 19
13 18
11 18
2 15
1 16
7 11
0 18
6 15
3 7
4 6
12 19
14 16
5 13
4 15
3 16
17 18
8 15
10 12
1 9
0 11
2 8
1 18
2 17
6 8
6 17
3 9
5 6
4 8
14 18
3 18
4 17
1 2
0 4
8 17
10 14
1 11
11 13
2 10
0 13
2 19
6 10
6 19
7 18
12 14
3 11
4 10
4 19
8 10
1 4
0 6
2 3
8 19
10 16
9 18
11 15
0 15
2 12
1 13
6 12
3 4
12 16
4 12
8 12
9 11
0 8
2 5
1 6
10 18
11 17
0 17
2 14
15 17
6 14
7 13
4 5
4 14
0 1
5 15
8 14
10 11
9 13
0 10
2 7
11 19
2 16
0 19
6 7
15 19
6 16
16 18
7 15
4 7
4 16
5 8
0 3
5 17
17 19
10 13
9 15
11 12
2 9
0 12
8 16
2 18
13 15
6 9
7 8
