20 100
6 18
7 17
4 9
5 10
0 5
8 18
11 14
2 11
0 14
1 15
7 10
7 19
18 19
3 6
12 18
3 15
5 12
8 11
2 4
9 19
1 8
7 12
5 14
15 18
16 17
12 13
3 10
0 2
14 19
3 19
5 16
1 12
16 19
5 9
1 5
10 17
13 16
1 14
2 13
7 9
3 14
2 6
13 18
0 18
6 15
4 6
12 19
14 16
4 15
17 18
2 8
1 18
6 8
6 17
4 8
3 18
10 14
1 11
11 13
2 10
0 13
2 19
6 10
6 19
7 18
3 11
4 10
8 10
0 6
8 19
10 16
0 15
2 12
11 15
3 4
8 12
1 6
2 5
0 17
11 17
2 14
15 17
6 14
0 1
5 15
8 14
10 11
0 10
11 19
2 16
6 7
6 16
16 18
4 16
5 8
5 17
9 15
11 12
2 18
6 9
