100 500
55 66
36 62
67 77
36 80
47 80
17 76
47 89
21 37
28 94
50 91
40 68
41 42
6 84
41 51
54 79
32 60
74 84
13 65
51 82
66 80
14 51
16 70
35 83
55 61
35 92
47 66
28 62
47 84
69 81
21 41
61 86
69 99
62 69
0 94
20 72
35 60
66 75
43 91
55 56
13 87
5 46
47 61
46 93
17 57
47 70
5 64
21 36
5 82
50 99
2 22
31 67
12 81
23 81
32 59
51 72
43 68
13 64
28 34
57 79
36 56
5 68
50 67
77 93
6 51
21 49
10 12
80 98
39 66
19 97
11 93
31 71
20 71
31 80
13 50
16 64
1 84
28 47
9 43
26 95
21 26
61 62
18 91
80 84
69 84
30 74
61 89
83 86
39 70
11 97
20 75
31 84
1 52
64 90
16 50
24 63
45 95
37 91
28 33
14 98
57 78
6 23
58 70
15 99
19 69
54 63
20 70
31 70
32 44
35 40
84 91
87 96
45 90
22 97
9 33
15 67
6 9
15 76
26 85
50 52
38 87
42 57
20 29
0 60
23 25
19 73
31 38
8 82
2 11
4 30
1 24
24 44
25 98
5 12
38 64
49 73
19 32
15 80
8 41
30 41
0 46
11 46
8 59
11 55
23 29
20 42
23 47
53 57
44 88
13 30
34 62
2 91
3 74
59 91
26 66
36 98
71 74
8 45
30 45
82 92
11 59
11 68
60 82
52 78
1 5
12 42
4 38
34 39
75 89
60 91
44 92
45 66
66 98
22 73
26 34
26 61
27 35
48 67
18 75
6 79
29 90
40 99
33 60
60 86
33 78
34 43
37 39
22 50
64 65
44 96
25 92
56 70
3 82
86 98
18 43
59 90
17 84
7 61
59 99
0 22
19 35
29 67
40 67
21 72
29 85
25 60
10 80
34 47
3 41
14 41
74 92
85 92
22 63
59 67
17 79
28 79
19 21
8 30
17 97
11 26
21 67
33 41
41 54
44 50
41 63
62 95
52 72
20 98
3 27
25 73
3 36
22 49
74 87
51 94
24 86
7 15
13 86
7 24
47 78
28 74
29 39
70 89
0 12
48 70
21 80
20 84
14 40
24 81
32 94
36 55
59 66
17 69
29 34
9 65
17 87
58 88
28 87
10 20
6 68
42 98
25 36
62 85
62 94
66 73
32 80
16 72
28 55
17 64
21 34
58 83
10 15
10 24
2 20
39 69
25 31
51 52
43 48
13 62
17 32
65 81
76 90
17 50
76 99
68 95
5 57
17 68
5 66
26 98
9 64
40 42
21 38
42 88
39 82
31 78
4 70
43 52
23 83
31 96
4 79
24 57
9 23
46 72
5 34
38 77
6 17
5 61
58 64
61 69
7 98
58 82
30 72
27 85
30 81
10 32
0 95
54 75
32 38
31 73
13 34
31 82
35 52
87 99
16 66
57 76
5 38
88 91
68 85
15 79
9 45
9 54
15 97
21 28
27 62
42 60
10 18
62 65
75 84
13 29
33 96
23 73
53 74
23 82
53 83
64 92
35 56
45 88
56 88
45 97
5 33
57 71
98 99
69 72
58 72
8 53
83 92
39 67
41 86
52 95
43 46
13 42
45 83
22 81
3 77
37 97
49 71
49 89
27 52
71 86
82 86
90 99
8 57
82 95
63 91
0 62
60 85
0 80
41 81
31 58
44 86
13 28
10 93
56 69
53 82
16 42
34 78
14 72
56 87
5 14
57 61
14 90
57 70
7 51
15 64
38 66
19 34
79 85
18 78
19 43
30 43
79 94
82 90
8 61
23 31
60 80
11 75
12 40
52 85
13 14
44 81
33 81
45 55
44 99
37 69
46 47
5 9
37 78
38 43
5 18
14 85
3 85
57 65
70 93
19 20
27 33
15 77
7 82
8 47
48 83
71 85
30 47
41 53
12 35
23 35
41 71
33 67
52 80
53 72
15 36
7 32
14 80
86 96
89 92
26 63
7 68
48 78
63 85
21 79
4 8
60 70
23 30
60 79
10 78
2 74
53 58
22 52
34 54
37 50
3 48
66 86
66 95
67 69
37 49
59 83
67 96
89 96
27 32
47 99
48 64
40 60
8 37
29 69
11 33
82 84
21 65
40 69
40 78
6 85
40 87
21 83
33 48
29 96
1 6
74 76
2 69
74 85
37 45
3 61
43 97
59 69
78 82
47 76
36 85
47 94
21 51
33 52
41 65
44 61
2 64
10 77
37 40
43 83
